151	111	68	61	168	248	241	200	199	211	178	163	211	250	209	151	95	45	58	41	52	55	44	41	43	57	67	80	82	64	66	66	65	65	70	73	73	73	74	70	16	94	249	253	253	253	252	254	254	254	254	254	254	254	254	254	254	248	255	253	248	254	252	251	240	249	248	249	129	94	89	104	98	99	86	27	188	247	242	191	210	253	254	250	254	254	249	245	226	107	115
187	111	77	73	155	253	242	165	181	225	209	200	227	251	254	251	139	40	27	38	47	56	44	45	53	56	72	105	102	70	61	59	63	63	66	72	75	70	66	65	51	235	248	254	252	255	252	254	254	254	254	254	254	254	254	254	251	252	254	252	252	251	246	223	154	203	196	143	68	103	98	107	107	94	88	79	142	214	229	87	199	251	253	254	254	254	252	223	89	107	117
236	236	198	146	103	123	117	89	105	132	202	230	223	251	252	250	191	158	151	178	163	113	99	100	84	55	68	89	77	64	54	56	62	64	67	71	73	71	72	104	195	240	252	254	251	255	253	254	254	254	254	254	254	254	254	254	252	250	251	254	253	235	236	134	58	105	117	91	90	116	115	132	131	106	96	105	165	238	251	116	142	248	253	254	251	254	251	218	147	173	216
252	250	247	215	80	29	41	47	64	77	142	195	171	177	247	249	247	243	253	253	249	165	177	165	105	60	59	63	60	58	50	55	60	63	66	66	71	97	128	161	247	252	252	253	255	254	253	254	254	254	254	254	254	254	254	255	255	250	254	241	252	236	101	87	78	82	79	88	106	100	115	162	167	123	103	121	214	249	251	145	90	237	242	254	250	254	253	236	211	233	248
245	249	242	147	65	50	52	49	52	59	85	113	88	88	223	249	241	251	246	252	211	156	193	158	87	67	56	49	61	56	62	63	64	65	66	65	79	141	210	182	195	253	253	253	255	254	253	254	254	254	254	254	254	254	254	255	252	254	247	242	252	198	90	88	107	97	88	96	89	87	113	139	149	133	117	92	195	248	252	128	69	201	245	250	250	251	248	245	240	245	252
245	224	74	49	38	62	62	54	48	52	58	52	37	41	137	243	249	249	250	251	167	137	146	113	74	58	58	56	62	67	64	68	71	73	70	70	87	174	235	139	171	253	254	253	253	254	252	254	252	253	253	253	254	251	254	254	253	253	248	78	111	120	84	100	109	106	99	96	93	94	108	115	124	145	132	91	157	244	227	119	97	206	248	235	241	240	230	238	246	250	251
245	242	223	157	93	56	65	69	83	66	64	54	58	55	67	128	186	220	233	171	131	119	82	66	59	59	59	59	61	66	81	74	71	75	76	79	84	119	129	71	219	248	253	254	252	254	252	253	253	253	252	252	254	253	254	250	254	248	235	82	80	96	103	105	107	100	95	95	94	93	100	102	109	125	124	92	138	220	205	124	113	197	211	178	152	184	207	221	243	247	237
252	254	246	237	115	48	79	124	101	78	68	66	76	66	48	41	69	63	53	76	101	103	64	54	54	55	55	61	67	69	81	85	75	81	82	84	80	72	51	40	239	254	253	253	254	250	253	252	254	252	253	254	253	254	253	254	252	242	186	105	101	100	98	105	102	95	92	91	92	93	92	84	90	101	110	100	129	185	178	118	134	132	123	114	98	184	233	232	250	212	65
252	252	250	240	227	131	152	155	116	87	69	93	100	99	91	144	185	123	59	61	82	82	63	57	52	58	58	56	67	74	77	77	67	74	79	82	82	76	71	38	250	254	251	253	251	253	253	252	254	254	253	252	253	254	252	253	252	225	100	110	106	112	99	101	96	92	90	85	88	92	91	93	96	96	97	102	125	148	141	110	113	114	104	85	102	160	207	207	185	108	63
254	254	253	247	250	224	150	136	115	91	76	124	131	99	127	227	232	110	38	37	56	62	56	56	50	59	61	57	65	71	71	62	62	65	74	81	85	83	92	38	148	244	251	254	252	254	254	254	249	253	253	253	254	252	253	253	240	72	40	107	110	118	99	98	93	91	87	81	84	91	92	93	95	100	99	107	117	110	103	109	109	111	103	85	95	117	142	134	118	111	119
250	254	252	254	250	241	92	126	120	72	89	132	127	104	154	206	137	90	96	107	83	36	45	54	54	58	57	60	62	67	84	105	97	75	73	79	85	81	89	59	72	240	247	245	249	252	251	253	252	254	253	251	252	250	251	253	246	139	63	93	114	102	99	97	91	88	84	81	85	90	91	99	95	99	99	103	106	106	119	114	123	138	123	91	106	155	121	106	136	139	170
229	250	252	254	248	236	171	184	118	32	66	83	71	161	245	193	85	160	250	228	117	16	22	51	61	62	57	57	53	69	110	168	140	91	81	77	73	71	80	60	87	77	232	237	230	246	246	244	250	250	251	247	241	245	244	249	242	197	79	71	104	88	91	90	87	85	81	81	83	90	93	93	90	91	94	90	87	105	129	120	137	171	125	84	131	178	160	95	99	106	116
110	234	249	254	254	240	253	234	95	150	234	214	120	158	253	231	182	252	249	247	157	117	99	66	66	60	57	59	52	64	104	135	111	77	93	88	72	68	76	76	59	59	64	87	94	130	195	233	248	241	252	212	145	178	243	249	252	207	81	96	94	88	85	82	83	83	78	78	80	88	95	95	97	90	96	88	83	119	140	114	112	133	119	86	169	245	253	250	170	99	93
119	234	251	253	249	246	222	180	129	252	245	251	196	131	222	201	208	250	249	246	239	250	232	112	50	53	56	57	59	57	74	78	73	83	92	92	77	71	73	81	77	65	44	37	55	63	121	103	168	228	147	113	133	110	137	191	212	200	127	108	107	107	100	86	82	77	75	74	78	87	95	96	92	89	98	91	86	117	143	113	88	115	116	102	167	251	246	249	243	179	152
191	246	244	248	240	130	99	97	243	249	247	247	233	137	136	112	126	227	245	252	248	246	247	116	31	56	53	54	54	57	53	56	59	73	85	83	72	69	67	69	77	79	77	78	80	97	96	91	90	116	123	108	98	92	74	141	240	224	160	133	122	132	112	94	81	76	76	72	76	88	95	88	84	89	94	100	144	190	176	92	103	131	138	147	167	225	248	254	251	244	240
207	225	245	243	96	52	16	82	206	242	251	247	243	136	99	49	57	212	244	251	251	246	250	68	29	59	54	58	55	58	58	53	59	68	75	72	69	70	64	60	62	69	75	81	91	78	91	82	84	78	85	103	89	76	96	193	249	250	178	127	130	121	120	99	81	77	78	71	76	91	98	96	88	89	90	118	218	252	193	101	95	128	146	189	194	148	238	247	251	247	253
192	158	131	124	89	63	57	72	127	240	250	254	237	121	132	178	149	149	250	250	249	252	162	54	60	56	53	55	59	58	58	56	63	68	75	71	71	69	63	69	69	59	73	79	89	101	155	174	110	92	100	106	105	101	140	214	249	215	137	106	103	99	102	93	82	81	79	72	77	94	103	96	85	93	109	139	211	221	140	93	84	103	135	167	146	114	233	245	241	252	253
209	147	86	68	57	65	55	47	199	251	251	252	240	111	187	253	252	106	141	158	116	87	41	50	62	61	61	50	53	58	51	56	70	76	81	73	69	68	85	102	85	69	70	78	82	129	193	215	137	90	101	101	99	118	173	196	197	128	80	89	79	96	81	81	82	84	80	72	78	94	107	90	77	88	117	129	128	114	85	84	84	76	100	88	85	90	163	202	197	237	246
195	165	130	100	71	109	128	104	244	248	253	252	245	142	252	253	207	116	46	80	114	69	48	55	53	66	60	66	62	64	69	84	95	91	80	64	62	74	137	207	178	112	78	79	83	100	138	137	111	87	92	90	98	110	153	195	167	126	84	89	82	94	89	81	82	82	78	72	77	92	106	90	80	80	96	105	96	90	93	84	77	78	92	148	191	164	131	123	122	147	251
120	135	122	105	92	173	247	238	244	253	254	251	244	163	235	197	117	102	77	69	98	70	25	43	54	65	63	77	69	65	95	128	124	104	83	68	69	87	188	250	251	145	95	76	71	74	76	78	80	83	85	80	86	80	127	202	209	146	88	89	82	88	87	96	84	78	75	71	74	89	103	88	83	79	80	100	127	128	114	81	68	86	132	250	251	244	97	45	83	99	181
83	70	74	53	116	247	240	247	249	253	252	250	238	113	88	66	62	93	170	250	252	229	134	91	94	69	74	78	82	76	100	119	106	81	63	59	59	67	180	250	252	206	127	84	77	77	74	71	75	72	81	77	81	73	102	155	175	128	93	81	74	88	97	113	86	74	74	70	73	89	100	91	79	76	76	98	140	144	115	87	68	81	202	252	250	251	69	57	80	91	86
100	60	23	10	48	246	252	254	254	253	254	246	219	43	11	14	14	66	219	254	253	251	253	186	130	65	86	82	79	84	79	41	24	29	42	64	58	62	128	152	182	207	143	90	83	86	89	82	71	72	74	75	76	78	86	88	91	87	85	79	67	81	119	135	94	70	77	76	79	90	94	86	78	73	76	83	114	133	107	86	84	81	193	245	247	240	84	76	79	69	58
227	218	173	208	176	237	249	253	251	254	251	253	245	237	132	65	73	41	190	250	253	253	253	254	85	69	75	77	82	71	49	130	144	121	135	91	65	57	76	95	114	126	110	82	83	109	85	78	67	68	73	77	76	73	79	71	72	76	86	81	70	98	155	158	111	101	96	76	74	91	104	86	79	73	73	76	98	115	98	83	81	89	120	190	217	155	105	78	91	89	85
246	248	244	246	243	248	254	254	248	253	251	251	250	249	244	236	236	102	81	141	222	249	250	212	63	72	84	71	76	40	71	253	252	250	202	118	73	63	82	80	61	72	77	88	92	113	88	69	63	66	72	76	73	66	73	75	71	75	87	88	78	119	207	191	121	113	124	92	67	102	108	94	84	76	78	78	86	96	87	84	81	82	107	121	130	129	91	83	88	88	92
247	249	249	254	253	249	254	254	254	253	253	252	253	253	246	243	240	247	108	49	107	144	152	95	78	88	80	80	69	10	241	243	250	250	143	92	56	56	101	125	123	75	68	79	83	94	82	74	77	78	75	74	71	68	73	71	70	75	88	97	93	142	247	197	96	125	137	108	88	97	111	102	88	78	82	85	85	84	79	81	86	96	103	101	101	105	109	100	92	87	84
244	254	253	254	250	254	252	254	255	254	250	253	252	253	255	251	252	248	237	85	85	73	62	69	79	97	92	85	73	40	241	245	244	251	119	58	63	54	104	174	152	71	33	53	73	79	80	91	98	92	82	76	79	80	80	77	63	64	80	101	113	146	215	153	82	133	167	154	114	97	108	101	84	75	79	84	84	80	79	82	89	95	103	92	99	136	141	118	96	87	85
252	251	254	251	254	251	254	254	255	254	254	252	253	253	254	253	252	250	243	207	75	77	72	65	84	88	89	81	71	60	147	248	247	162	72	67	62	59	93	145	122	84	71	83	82	57	85	94	100	93	83	80	91	98	93	90	87	110	119	118	130	132	138	105	79	128	225	232	135	99	103	97	81	75	76	80	83	83	86	81	88	90	92	88	115	159	160	130	99	102	121
254	253	253	254	254	253	253	254	252	254	253	253	250	248	246	254	250	254	254	212	24	63	65	77	79	86	84	84	75	47	79	91	89	61	40	64	65	90	107	112	77	119	201	160	87	77	87	86	90	87	84	84	96	110	103	92	145	207	184	132	126	117	98	88	68	137	249	252	144	90	109	98	84	82	80	80	86	86	88	81	84	88	90	89	113	139	135	110	97	126	148
251	253	253	253	254	253	252	254	254	252	253	246	245	240	246	252	254	254	254	235	209	246	166	98	80	82	78	82	75	79	50	49	42	54	66	85	126	177	151	89	132	248	244	246	120	105	88	83	86	88	89	85	93	110	105	113	193	250	187	111	104	100	86	78	75	143	249	225	123	98	115	101	87	87	83	81	89	85	81	82	79	89	92	91	100	99	99	89	84	109	109
252	254	249	254	253	254	253	253	253	253	254	247	209	237	246	254	253	253	254	243	243	250	249	98	75	78	80	77	81	86	74	69	62	92	111	119	179	241	181	64	206	242	250	254	143	126	106	82	92	91	85	84	93	99	95	119	183	200	150	103	92	93	85	83	77	147	212	160	99	116	128	104	80	81	82	93	91	83	76	78	83	82	86	103	112	96	77	79	80	78	86
254	254	253	250	254	254	253	251	253	254	254	243	234	247	250	250	253	250	232	239	253	244	226	93	69	81	79	89	96	98	97	85	81	100	106	105	134	155	121	38	247	251	250	245	108	120	82	87	91	88	82	80	81	83	92	125	157	166	133	101	93	90	86	78	90	114	127	104	91	110	112	102	84	98	107	118	104	81	80	76	79	80	91	113	124	110	91	83	81	78	84
252	254	247	254	254	253	253	253	253	250	254	247	250	248	253	252	250	191	108	221	251	244	246	98	61	95	79	89	98	106	90	76	70	83	84	77	79	66	68	48	240	247	251	218	122	99	71	86	81	82	81	81	70	68	95	131	165	176	130	92	90	89	85	77	85	75	69	71	78	98	109	93	95	126	167	177	126	82	71	79	80	81	91	110	116	105	93	82	79	77	81
248	247	254	252	254	251	253	252	254	254	254	246	254	251	251	252	243	210	204	223	250	246	250	121	70	90	95	103	96	90	80	68	62	72	79	69	65	48	61	69	137	221	222	161	113	80	79	85	84	84	75	75	71	70	95	111	146	155	107	84	95	85	72	77	74	64	67	72	72	95	123	114	128	164	230	213	113	79	77	81	83	84	89	94	92	87	84	77	73	74	77
239	240	239	245	254	252	253	254	253	252	251	246	249	254	254	251	253	244	240	248	234	251	249	150	114	84	100	125	118	81	72	72	73	69	79	78	77	55	49	60	96	110	116	103	75	92	94	90	91	84	67	66	71	73	87	94	106	106	83	88	98	80	73	74	78	75	74	74	78	102	132	151	158	171	196	162	90	80	74	78	80	85	88	85	79	76	77	76	71	71	70
175	183	139	175	244	245	245	244	248	247	241	236	242	252	254	251	251	254	249	243	211	246	194	136	104	85	109	142	117	103	96	91	95	78	83	90	78	54	41	65	95	112	100	77	83	98	97	99	87	98	125	122	91	78	87	94	95	89	77	86	92	80	79	70	80	78	74	76	78	94	125	129	113	111	101	86	76	79	74	75	76	82	87	84	77	71	71	75	71	68	67
126	187	141	99	199	198	165	226	239	227	195	187	242	254	254	252	252	253	252	228	75	57	28	49	57	87	113	125	125	164	168	135	107	83	92	99	59	34	38	59	71	92	77	81	83	98	105	111	85	112	183	178	115	91	95	91	88	82	77	81	89	83	70	69	71	72	75	78	74	85	111	103	70	69	62	59	58	61	78	77	74	78	82	82	76	73	70	73	73	70	67
85	178	229	206	199	149	89	132	154	158	145	152	241	253	254	252	253	253	250	224	26	39	110	147	114	67	96	117	191	231	241	192	122	80	74	72	64	147	245	246	180	98	78	72	82	111	140	121	84	92	150	144	98	95	97	91	83	84	92	88	86	84	70	67	65	70	73	73	77	88	101	95	78	72	60	68	77	77	79	78	74	76	80	80	79	78	77	73	75	71	68
71	161	239	232	170	109	58	92	102	142	166	203	248	249	253	254	249	251	253	236	33	91	249	244	147	46	77	142	220	248	238	208	126	42	20	9	31	253	247	246	250	106	84	82	94	144	181	123	73	77	89	87	98	98	94	86	89	90	89	92	88	80	72	67	62	65	71	76	76	85	98	87	84	70	68	77	82	92	93	81	73	76	78	80	79	75	80	80	74	68	68
252	251	243	146	106	73	85	94	94	131	186	186	176	249	253	253	252	250	253	250	233	240	244	239	222	22	96	148	164	154	146	140	79	103	104	41	132	242	253	251	252	156	127	126	141	158	163	126	97	91	80	74	89	93	88	87	88	89	91	97	98	90	80	68	67	70	72	74	76	86	97	90	78	72	72	73	90	109	95	74	68	73	74	74	80	82	85	81	76	71	71
246	247	252	92	63	77	98	94	95	113	149	94	46	246	250	252	254	252	253	247	253	251	253	253	245	38	123	181	153	80	78	58	84	252	249	182	182	244	251	240	253	161	165	163	172	157	141	139	138	129	100	83	86	89	87	89	89	88	92	102	109	103	91	74	73	71	72	74	77	87	96	93	74	70	74	74	99	116	90	71	69	76	78	77	82	84	82	79	76	73	74
250	250	253	104	67	88	86	85	101	100	94	66	79	237	247	253	252	254	254	253	253	254	253	248	235	42	118	163	124	81	63	31	207	249	244	248	185	235	252	233	144	123	143	128	122	125	125	125	140	140	117	94	79	76	77	87	89	89	90	97	104	100	87	79	74	69	71	74	77	86	97	93	75	68	71	79	99	103	80	66	67	76	83	84	81	80	79	76	73	72	74
246	243	157	116	87	85	73	80	80	74	81	65	94	91	212	243	253	251	252	254	252	247	254	252	241	38	88	98	82	83	62	67	198	249	249	250	235	114	174	131	76	106	101	96	81	77	95	100	106	109	102	91	81	75	77	83	92	96	93	94	96	91	81	77	72	68	70	72	71	83	101	97	79	70	72	76	87	86	74	72	75	78	84	82	72	68	71	76	72	71	75
134	136	111	95	103	88	71	78	72	73	73	79	69	71	83	209	246	252	251	251	254	254	254	252	242	43	63	100	102	81	71	79	152	236	252	253	163	150	209	132	66	82	100	93	80	79	80	80	71	71	73	77	78	74	81	94	110	112	101	94	88	78	70	73	71	69	70	68	64	81	108	102	79	76	78	71	75	79	77	76	79	77	81	83	85	88	86	77	72	72	75
88	62	58	85	85	82	71	70	72	72	71	75	76	58	55	38	163	241	236	253	254	254	249	248	244	60	99	180	140	89	61	96	180	205	243	186	101	159	176	72	19	71	96	105	106	106	92	75	52	43	39	44	50	60	93	111	130	126	105	96	87	77	75	70	71	69	69	65	63	82	111	106	81	81	83	73	74	78	82	84	83	80	84	98	124	130	100	76	70	70	75
91	86	93	113	105	73	70	71	71	75	70	72	78	83	64	62	53	92	167	248	253	253	253	254	238	54	108	192	137	81	67	90	146	158	134	99	76	105	86	97	135	131	109	94	125	137	114	96	81	87	89	86	75	82	135	154	169	152	118	102	87	73	72	70	72	67	66	64	66	84	109	107	85	82	84	81	80	77	81	79	76	76	86	114	164	168	109	73	67	68	74
99	118	176	187	122	66	67	68	73	73	71	76	83	81	82	98	99	82	122	248	251	252	253	251	253	44	89	124	127	103	84	67	70	69	59	55	51	35	63	249	250	197	97	90	112	133	123	118	113	137	194	170	110	133	173	201	217	182	134	101	91	77	75	72	71	67	65	65	71	90	111	105	87	77	75	76	76	73	76	75	75	71	81	115	151	141	101	74	65	61	65
99	126	227	221	108	68	67	67	70	73	74	75	77	79	86	121	141	131	186	242	249	246	241	248	238	31	74	154	223	167	80	88	59	51	49	55	61	25	126	249	250	209	76	84	80	92	107	120	172	235	251	248	191	230	221	173	176	155	106	100	93	84	78	75	72	71	72	73	74	88	108	105	80	72	73	71	73	78	83	78	78	73	78	92	103	97	85	82	76	71	70
90	118	179	160	86	67	74	68	68	72	76	78	76	75	86	113	127	157	223	155	120	188	247	243	97	70	83	227	248	191	82	86	85	74	62	68	77	44	107	193	223	174	80	69	65	62	68	96	199	248	249	251	253	253	222	107	122	123	94	101	93	87	80	81	77	77	82	83	82	91	107	101	77	72	72	67	74	83	84	82	80	76	73	74	73	78	94	97	94	89	86
88	105	103	87	81	73	73	71	67	70	76	80	79	75	82	93	92	116	166	117	48	75	129	120	107	78	83	154	198	133	73	89	114	125	145	156	104	69	81	113	133	114	105	109	92	73	60	77	178	247	249	241	162	207	162	88	91	92	99	100	92	86	81	77	75	73	77	80	82	90	102	96	82	78	71	69	80	85	78	79	78	77	74	75	80	92	109	102	100	99	100
89	77	67	62	64	74	67	70	66	72	74	79	82	79	79	80	83	102	117	108	60	40	41	72	80	95	87	76	77	89	89	102	125	168	227	233	133	74	105	126	129	128	144	160	141	96	90	94	150	153	145	135	117	219	239	147	80	76	96	98	93	88	80	74	72	69	69	74	80	90	102	96	86	80	73	74	84	81	76	74	74	76	81	84	91	98	101	95	94	97	98
90	77	79	80	69	72	67	69	68	74	75	78	84	82	82	91	87	94	92	86	85	78	73	84	94	94	85	80	77	81	96	99	114	137	177	156	100	78	116	132	158	142	159	212	199	147	124	113	120	113	110	114	190	251	250	178	65	84	94	101	92	88	79	74	73	70	69	73	80	91	104	101	85	78	76	78	81	77	79	80	75	78	85	87	93	96	95	94	95	95	92
86	87	85	86	84	77	76	76	73	76	77	80	85	85	85	85	90	80	75	83	78	55	48	49	74	84	80	88	100	102	95	94	94	92	103	82	71	88	103	120	150	128	146	253	248	208	138	104	102	73	92	111	190	249	252	136	66	101	96	105	93	87	81	77	74	73	73	76	77	88	103	102	83	76	78	76	77	76	78	81	80	80	82	85	92	96	96	94	97	94	91
86	85	86	88	89	90	90	88	78	76	79	83	88	85	84	87	86	87	78	68	52	90	128	152	130	66	82	95	92	95	93	96	89	86	69	81	79	80	82	111	145	116	111	192	254	217	132	106	81	77	77	93	115	147	130	90	88	106	95	103	97	90	84	84	79	81	85	85	79	88	107	100	82	78	79	72	75	77	72	72	81	80	76	82	91	91	90	89	89	88	91
82	74	75	73	88	102	98	90	78	81	82	81	90	84	85	84	86	90	83	63	41	168	249	246	170	58	78	87	98	88	90	92	93	89	86	83	78	74	76	109	130	135	135	153	196	185	128	98	82	80	87	83	77	69	66	77	92	101	99	98	97	92	89	87	86	90	97	95	83	86	103	97	84	79	78	72	70	76	74	71	73	74	73	75	84	87	89	86	85	85	86
82	96	106	119	108	107	106	96	78	75	86	89	79	82	82	85	81	85	92	45	122	250	242	243	216	29	70	96	89	85	87	87	89	88	86	85	84	83	88	99	117	150	171	147	134	135	127	113	92	84	88	85	82	77	75	83	91	94	91	92	93	90	88	90	91	93	97	93	85	89	105	99	93	94	93	80	70	71	69	73	73	72	73	77	84	86	87	82	82	83	83
94	129	194	164	119	111	111	92	79	82	80	83	78	77	77	77	86	87	91	54	150	253	252	246	250	21	74	90	90	89	75	78	80	84	85	87	87	91	95	89	100	132	159	126	104	117	136	116	97	91	93	91	88	83	81	86	87	84	82	86	88	85	84	91	95	95	95	91	88	93	109	106	106	112	109	89	74	75	75	77	75	74	76	81	83	83	83	79	80	80	81
120	162	254	218	100	85	90	83	80	83	81	74	74	76	80	80	84	87	90	57	134	253	249	254	162	40	74	93	88	73	75	75	78	83	85	86	84	85	85	84	90	97	102	79	83	111	134	120	103	98	97	92	87	83	82	83	81	79	81	86	87	83	81	89	94	93	91	89	90	96	108	106	105	107	103	83	70	74	78	82	81	81	83	86	84	82	81	81	79	78	78
157	188	253	204	84	70	74	76	83	79	85	67	60	73	85	91	80	87	89	80	107	196	248	246	90	61	84	87	81	74	75	76	76	80	83	85	84	81	79	75	75	79	84	77	101	132	138	134	113	101	94	86	84	83	83	82	78	78	84	87	86	84	83	86	90	88	86	89	90	94	103	108	101	97	89	75	67	72	78	85	86	88	90	91	88	83	81	83	80	77	76
145	186	216	143	89	89	100	101	86	84	79	104	141	119	94	77	87	71	84	80	66	115	174	151	105	74	85	91	87	82	83	83	80	82	83	85	84	81	79	72	76	86	88	84	127	168	163	130	107	95	89	84	86	86	84	78	74	75	79	80	80	81	82	84	85	82	82	86	88	91	101	116	104	94	86	78	72	75	79	84	87	92	93	92	88	84	81	82	79	77	76
133	185	172	133	102	112	134	128	90	82	75	174	253	196	94	79	69	55	62	67	53	44	55	62	63	89	92	91	90	94	84	92	89	89	89	84	81	79	76	81	85	84	85	90	127	145	128	111	94	90	87	85	87	85	82	77	71	72	75	74	75	78	79	82	80	77	80	84	86	93	104	116	103	89	83	80	76	77	79	83	87	91	90	88	85	82	78	76	74	76	77
113	174	187	145	123	117	116	112	94	72	80	199	250	213	70	79	118	186	201	142	69	62	57	64	82	88	90	91	92	84	89	83	83	87	91	88	86	86	84	84	91	85	92	101	109	108	110	104	93	93	89	83	83	83	83	80	74	75	77	75	76	79	79	80	76	74	78	83	86	95	110	114	101	87	82	81	79	81	82	83	87	89	86	83	82	77	73	70	71	75	77
104	163	182	141	109	104	100	96	88	74	85	171	235	168	66	89	197	252	254	181	60	37	78	93	86	82	87	94	93	89	85	78	77	78	82	88	94	96	95	94	91	94	102	102	100	108	121	107	96	91	88	88	81	78	86	90	86	84	84	82	82	81	77	81	75	75	78	78	78	92	110	111	97	84	80	79	79	81	81	82	86	87	84	82	80	78	77	72	73	76	76
97	123	129	108	93	91	89	91	88	81	78	114	146	119	81	85	217	252	250	177	102	236	250	235	117	68	88	96	93	97	88	78	74	73	77	85	91	93	93	94	92	95	102	103	99	103	111	99	95	98	96	89	88	96	97	94	96	100	99	91	86	85	83	77	76	78	79	77	77	92	111	111	93	78	78	80	79	79	80	84	86	84	79	77	77	79	79	77	76	76	76
90	87	85	83	79	75	75	85	88	91	84	77	76	77	91	85	154	188	180	169	221	253	240	253	106	49	98	97	96	95	88	82	73	69	75	83	87	88	88	90	88	91	95	97	95	95	98	96	97	98	98	88	99	124	119	91	93	99	98	90	84	82	78	77	79	81	80	78	80	90	103	105	86	75	76	79	77	77	81	81	82	78	73	72	73	76	79	78	77	77	77
87	81	81	87	86	84	87	87	88	93	92	82	74	76	91	104	94	127	169	137	252	253	246	252	40	66	96	110	117	97	86	86	77	72	76	81	82	81	82	85	84	85	87	89	91	92	94	97	97	93	93	89	102	130	121	90	87	87	86	84	83	81	77	82	82	80	80	81	83	85	89	93	83	78	78	77	75	77	83	78	79	77	74	73	73	76	78	74	77	81	82
75	78	86	90	94	99	109	97	88	87	91	92	90	87	94	103	103	144	189	130	181	248	247	216	49	82	92	114	132	106	86	87	80	77	78	80	77	77	79	82	83	84	85	87	89	91	92	92	96	90	92	91	92	105	95	89	82	78	77	79	82	80	78	83	82	79	80	82	84	82	79	82	82	81	78	75	77	79	81	79	78	76	75	75	74	75	79	71	79	88	90
80	88	98	100	104	110	116	99	89	86	92	91	88	89	97	96	101	132	134	103	75	141	183	113	90	83	98	99	111	100	88	86	81	79	78	78	75	76	77	78	81	84	85	87	87	87	88	87	92	90	91	91	85	86	81	84	79	76	74	75	77	77	77	79	82	80	80	81	81	80	78	78	80	80	78	77	82	81	77	78	75	72	70	71	71	74	79	75	85	95	96
87	94	99	101	102	103	102	92	88	86	91	90	85	88	93	105	100	90	84	88	67	72	74	80	78	93	97	92	88	91	91	85	83	78	77	76	75	77	77	76	80	83	85	86	87	85	85	85	88	87	89	89	86	83	83	81	80	79	76	75	76	77	80	78	81	81	80	79	78	78	80	78	78	79	79	80	83	81	77	75	73	70	69	69	69	72	77	82	89	95	96
91	96	94	98	101	99	97	86	83	80	85	87	88	90	88	97	104	90	86	89	89	70	77	83	94	94	91	95	96	94	90	88	85	79	76	75	75	77	77	80	81	83	85	87	89	87	87	87	85	86	87	88	88	82	78	79	78	76	73	73	74	76	79	81	81	80	78	79	78	78	79	77	76	79	81	80	81	79	79	75	74	73	73	73	72	74	78	86	90	92	92
94	99	96	94	100	97	86	76	76	79	82	84	86	90	92	98	97	94	93	92	91	92	93	99	97	93	89	90	95	95	90	86	84	80	77	73	70	73	79	82	86	89	88	88	88	88	88	90	87	85	86	87	88	83	77	75	75	76	76	75	73	76	79	80	80	76	75	78	78	78	78	82	80	79	79	77	76	77	78	76	78	78	76	78	81	83	84	89	92	92	91
95	99	101	98	97	92	89	83	82	82	82	83	86	93	95	96	95	93	91	90	90	92	94	96	94	92	90	89	92	93	90	87	86	82	78	75	74	76	81	84	86	89	87	88	88	88	88	87	84	82	84	87	89	87	82	78	79	79	79	77	74	75	78	79	80	77	76	79	79	79	79	84	85	85	84	80	78	78	80	84	85	83	81	82	84	87	88	90	92	93	92
99	97	98	95	87	87	95	108	104	97	90	86	87	92	94	97	96	94	91	88	90	93	96	96	94	93	93	92	92	92	90	92	92	87	81	79	80	82	84	87	88	88	87	87	88	88	88	86	82	80	82	85	89	89	86	77	80	81	82	79	77	79	82	78	79	78	77	79	78	79	80	86	88	89	87	83	80	82	84	89	89	85	82	82	83	85	87	89	93	94	93
102	96	93	88	79	81	97	116	112	104	95	89	91	95	96	99	98	97	93	89	89	92	95	95	92	92	94	93	91	90	88	96	97	92	85	84	87	88	87	89	88	88	87	88	88	89	88	88	84	81	83	83	87	87	84	79	81	82	83	81	79	81	84	80	81	79	77	78	77	80	82	86	88	89	88	85	83	85	87	90	90	85	81	80	80	81	83	86	92	96	96
100	96	89	84	78	81	95	101	99	97	93	92	95	97	95	98	98	98	95	91	91	92	93	93	89	89	90	91	88	87	85	95	97	94	88	90	93	93	90	90	88	87	88	89	89	88	87	89	86	84	84	83	83	84	81	83	84	83	82	80	78	81	83	86	85	80	77	77	77	81	85	87	87	87	87	86	84	85	88	90	90	87	84	82	82	81	82	83	92	98	98
95	91	84	81	81	88	100	88	87	88	91	94	98	99	97	97	97	98	97	94	94	94	95	95	91	90	91	92	90	89	87	94	95	93	89	93	96	95	91	88	87	86	88	89	89	87	86	88	85	84	85	83	82	82	79	80	81	80	80	79	80	84	87	90	88	82	77	77	77	81	86	88	86	84	84	84	83	84	85	87	87	85	83	82	81	80	81	82	91	97	98
89	84	81	79	84	96	106	93	86	84	87	92	98	103	104	99	100	100	98	98	97	97	98	97	95	94	93	94	93	93	92	96	97	95	92	95	97	94	89	84	85	85	88	89	87	85	84	85	82	84	84	83	81	81	79	77	78	78	78	79	81	86	89	88	86	81	76	76	77	80	83	85	83	81	81	81	82	83	84	80	82	81	79	78	78	77	78	81	88	92	94
82	81	83	82	86	96	104	114	100	88	83	84	88	94	97	103	104	103	101	100	99	99	99	96	95	95	93	93	94	96	95	100	100	98	95	97	97	92	86	82	83	84	87	88	86	84	83	84	82	83	83	82	81	81	79	81	82	81	79	78	78	81	83	85	83	79	75	75	76	77	80	80	79	79	79	79	81	82	83	77	79	79	77	77	77	77	78	80	85	87	89
82	80	83	84	80	93	118	143	116	88	78	77	78	84	94	110	108	104	101	102	102	99	99	97	93	92	93	93	94	95	95	105	104	96	91	96	96	91	87	83	85	90	94	93	89	87	85	82	82	84	85	83	85	85	84	85	84	82	80	78	78	79	76	78	81	79	77	75	74	75	81	82	77	74	75	73	75	81	79	78	73	69	70	73	77	78	79	78	84	88	88
86	85	85	85	84	96	115	130	111	93	89	84	76	77	86	100	101	103	101	101	100	97	98	99	95	92	92	90	89	92	101	114	103	95	94	94	92	90	88	86	86	89	93	92	90	88	86	88	88	89	87	85	88	88	87	88	87	84	81	79	79	79	77	79	82	79	78	76	74	75	80	79	75	74	76	74	76	82	81	77	75	73	74	74	76	78	80	81	85	91	92
86	87	85	84	87	94	106	106	97	90	93	91	80	81	89	93	97	102	102	99	96	96	99	94	94	92	93	93	92	104	126	136	110	95	95	92	88	89	86	88	86	86	91	92	92	89	90	94	95	92	89	87	90	91	91	92	90	86	83	82	81	81	80	80	81	80	78	79	77	79	81	78	76	77	77	74	77	80	80	77	78	78	77	76	76	78	81	82	85	93	97
82	83	83	83	86	89	95	94	92	91	96	96	88	85	89	94	96	100	100	99	96	96	98	96	97	93	95	99	101	122	156	148	113	95	95	91	92	95	87	89	86	86	91	95	96	93	93	95	96	93	90	90	93	93	92	94	91	87	84	83	83	82	82	80	80	81	81	83	82	83	84	80	80	80	78	74	76	77	79	78	79	80	78	77	77	79	82	81	84	95	104
77	78	81	83	82	83	86	87	91	96	99	99	94	91	91	96	96	96	99	103	101	98	97	99	95	91	94	102	103	117	145	132	107	95	94	91	99	104	95	89	88	89	93	98	96	93	95	94	95	92	91	93	95	93	92	93	90	86	84	83	83	84	84	82	82	83	84	84	85	86	85	83	83	80	77	74	74	76	78	78	78	78	78	78	79	81	82	82	84	97	109
75	75	79	81	79	79	81	82	89	94	96	95	94	95	97	94	94	94	100	107	105	100	97	96	92	94	105	116	110	105	113	109	102	99	97	93	100	103	95	92	93	93	96	100	96	91	93	93	93	92	94	98	97	92	92	92	88	84	83	83	84	85	86	85	84	85	85	84	85	85	83	82	83	79	77	75	74	76	79	77	76	75	76	78	80	82	82	84	85	99	111
76	74	75	75	74	77	78	83	86	92	100	104	100	96	96	95	94	96	101	106	106	102	100	98	98	105	121	129	120	107	101	97	100	102	97	97	100	100	96	94	96	96	98	100	95	90	92	94	92	91	95	101	97	91	90	90	86	82	82	81	82	84	85	87	84	85	85	83	82	83	82	80	82	78	77	75	76	75	77	75	73	73	75	79	82	83	82	84	87	100	109
76	74	72	69	71	75	75	76	77	90	113	127	120	106	99	98	97	98	101	104	105	104	104	102	101	106	116	118	112	106	102	94	99	98	95	102	105	103	101	94	97	96	98	99	94	90	93	96	92	91	96	102	96	89	89	89	85	81	81	81	82	83	85	86	83	84	84	82	81	83	81	80	81	78	77	76	75	73	75	73	72	72	75	79	83	83	82	83	87	100	108
75	72	68	70	73	73	70	67	76	75	118	162	141	109	103	99	96	99	105	105	105	107	107	101	104	100	103	108	105	101	93	90	95	101	104	105	104	102	98	96	96	97	98	96	97	95	93	95	94	97	99	99	94	90	86	87	83	81	81	81	79	80	83	81	81	80	79	80	81	81	83	82	80	76	75	73	72	73	74	72	71	73	74	76	81	84	87	93	96	99	102
72	65	64	68	70	69	68	63	70	74	110	140	123	103	98	98	96	99	104	106	108	110	107	104	98	98	96	95	100	100	98	92	97	101	103	103	103	102	100	99	97	97	99	98	99	98	95	95	93	96	98	98	94	90	86	86	83	81	82	84	83	82	82	82	82	82	81	80	80	79	80	82	81	80	79	77	73	71	70	70	70	72	73	75	81	86	91	95	99	101	101
69	61	64	69	68	67	67	66	68	69	91	105	97	97	97	95	94	97	101	106	113	114	107	104	95	100	95	91	101	100	98	95	98	101	102	101	102	103	104	103	100	99	100	99	101	99	98	97	94	95	96	95	93	89	85	83	81	81	81	84	85	82	80	82	84	85	84	82	80	77	78	80	82	82	81	79	75	71	69	70	71	72	72	75	80	88	93	95	100	100	100
70	66	68	71	68	68	68	71	69	66	75	80	79	89	93	91	90	93	97	104	115	117	108	102	97	100	103	106	109	102	94	96	99	102	101	101	102	104	105	104	102	102	101	99	99	98	97	99	96	96	96	92	88	84	82	80	80	81	80	82	84	82	80	83	85	86	85	83	80	76	77	80	81	80	78	76	74	72	72	71	72	72	72	76	81	87	91	92	95	96	100
74	75	73	69	70	72	73	73	72	68	71	74	76	79	84	85	85	90	94	102	113	116	108	101	99	95	118	131	116	104	97	98	100	102	102	102	103	104	105	103	104	103	101	97	96	96	97	99	99	99	97	90	85	83	80	80	81	82	81	80	81	82	82	84	86	87	85	83	80	78	78	79	77	76	74	73	73	71	70	69	72	72	73	79	85	86	88	88	89	91	100
75	76	71	66	69	74	77	76	75	70	69	72	74	75	81	81	81	89	96	103	111	113	108	101	99	96	136	153	122	107	104	101	103	104	104	103	104	104	105	103	105	104	102	98	98	100	103	99	99	100	98	91	87	85	83	84	85	85	83	80	79	81	84	84	87	88	86	84	81	79	79	78	75	73	72	72	71	68	66	68	72	73	76	84	89	88	87	87	86	88	98
71	69	66	66	68	70	72	75	74	74	69	68	71	76	81	81	81	93	106	109	111	112	110	101	101	102	133	143	119	110	109	107	107	106	106	105	104	106	105	104	104	105	103	102	106	110	114	101	100	100	99	96	92	90	88	89	88	88	87	83	80	80	86	84	87	89	88	85	82	79	80	77	73	70	69	70	71	68	66	68	75	77	79	87	91	88	86	87	88	88	94
65	62	64	67	67	64	65	68	69	78	75	68	70	75	78	83	84	99	113	115	112	112	112	104	104	104	112	113	110	111	111	111	110	108	107	106	105	106	105	105	104	105	104	105	112	119	123	104	102	101	101	99	96	93	89	92	89	89	88	84	79	79	84	84	88	90	89	86	82	79	79	77	71	66	65	68	71	71	69	70	78	80	82	89	91	87	86	87	90	88	89
60	56	62	65	64	62	62	66	72	74	73	71	72	74	77	83	93	104	122	118	116	113	112	105	105	105	106	104	106	110	112	112	116	113	106	105	107	106	104	104	105	106	106	109	117	120	115	104	100	99	101	98	94	92	90	90	90	91	91	85	78	78	79	83	87	89	89	84	82	81	79	74	72	68	67	69	71	71	70	72	77	81	85	87	90	91	90	90	89	89	91
64	60	63	63	62	60	59	63	70	72	71	70	71	74	79	83	93	107	130	124	116	110	111	108	105	104	105	104	107	110	112	114	117	113	107	106	107	106	105	105	105	106	105	106	110	110	106	103	101	101	101	96	92	91	90	92	90	90	90	87	82	79	78	83	86	87	86	83	81	81	80	78	73	69	72	80	85	82	76	75	78	81	88	90	91	91	92	91	89	90	91
66	63	62	60	57	56	54	59	64	66	67	67	68	74	77	78	90	108	131	125	114	110	112	111	108	105	104	105	108	111	112	115	116	113	108	107	107	106	106	105	105	107	107	105	104	103	99	102	101	102	100	95	92	93	92	91	92	94	93	88	84	82	80	85	87	88	85	83	83	82	83	83	76	71	76	86	91	89	83	81	83	86	92	94	94	94	96	92	92	90	92
66	63	61	57	54	53	52	55	56	56	59	63	66	70	72	71	86	104	126	120	115	115	118	113	111	108	106	107	109	113	114	117	115	113	109	107	106	105	106	106	105	108	109	106	104	102	100	101	101	102	99	95	94	96	94	88	94	101	98	88	83	83	85	84	87	88	86	83	83	84	86	85	80	75	76	80	84	86	85	84	87	90	91	92	93	94	96	95	94	91	91
60	57	55	51	50	51	49	50	51	52	54	57	60	66	69	69	88	105	122	118	119	120	120	114	113	113	112	109	111	116	116	119	115	112	110	108	104	104	105	105	105	107	110	108	104	102	102	98	98	99	98	95	96	98	95	88	96	103	99	88	82	83	86	83	87	89	87	84	84	84	85	83	82	79	76	75	76	78	82	79	86	88	85	84	89	91	92	96	93	91	89
47	45	45	44	43	44	43	44	48	51	53	53	55	63	71	74	92	105	118	117	122	122	119	115	116	117	116	112	114	118	118	119	116	112	108	107	103	103	105	105	105	106	108	106	102	101	99	97	97	98	98	95	96	96	94	92	94	98	96	89	84	83	85	90	94	95	93	90	89	87	87	83	82	80	78	76	77	77	80	79	84	84	81	82	88	92	93	93	90	89	88
39	38	42	43	41	41	40	41	45	49	52	51	54	63	70	77	87	95	110	113	120	122	119	117	118	120	116	115	117	121	120	120	118	112	107	104	104	104	104	106	106	108	107	104	102	101	98	98	99	100	100	96	94	93	93	96	92	94	96	94	90	91	94	100	101	100	98	96	95	91	87	84	83	81	79	79	80	81	84	85	84	82	81	85	89	91	94	92	88	88	86
42	41	47	49	47	47	45	41	42	44	48	52	57	63	67	75	79	84	101	107	115	120	120	119	119	120	116	116	119	122	121	120	119	112	107	104	104	105	104	106	108	109	108	105	103	101	97	100	101	103	104	97	92	91	93	97	92	94	98	98	96	100	107	105	104	100	98	97	95	90	84	86	85	83	79	78	80	84	90	91	83	79	82	87	87	87	91	92	88	89	87
47	49	49	49	52	51	51	51	46	44	46	55	60	63	65	71	73	82	91	105	118	120	122	122	121	118	116	118	122	123	123	123	121	116	111	109	108	105	104	109	107	108	110	111	107	103	98	101	100	106	109	104	96	97	102	103	106	108	104	100	100	101	103	106	103	100	99	96	93	90	88	86	86	83	80	77	78	84	85	87	80	77	81	85	88	89	90	89	90	87	86
50	52	54	55	56	55	55	56	52	48	48	54	58	60	61	67	70	79	92	107	117	117	118	119	121	121	119	119	121	123	125	127	124	118	113	110	110	108	108	107	106	107	109	111	108	105	100	104	103	109	112	109	104	107	112	116	115	112	107	103	103	102	102	100	98	98	98	96	94	91	90	86	86	85	83	79	76	77	75	73	71	74	81	86	88	90	91	86	86	83	83
54	56	57	57	56	56	61	63	59	56	55	59	62	63	64	63	67	75	89	104	109	108	107	110	111	114	117	119	126	131	133	125	123	118	114	111	111	112	111	110	109	108	110	111	110	108	105	97	103	115	122	120	113	110	108	114	114	110	108	107	107	106	104	96	96	97	98	97	95	94	93	88	86	87	86	81	78	75	73	68	72	79	85	88	86	86	87	84	82	80	83
56	56	55	55	54	56	65	67	67	66	66	70	72	73	72	67	69	74	88	102	102	99	98	100	99	102	109	116	123	124	122	118	119	117	116	115	114	114	112	112	112	110	111	111	110	109	107	103	106	112	113	111	109	109	108	105	109	109	111	111	110	107	105	99	100	100	100	97	95	94	93	90	86	85	84	83	84	84	84	83	87	92	94	93	88	86	84	84	79	77	86
60	53	53	59	61	60	67	73	76	77	79	82	83	80	77	76	80	80	92	105	100	96	96	91	90	92	100	111	117	117	114	116	118	117	118	117	118	117	115	113	113	112	110	111	111	111	108	110	109	107	101	98	102	105	106	103	109	114	114	112	109	107	104	103	103	102	101	97	94	94	93	90	86	83	83	85	89	94	94	98	100	100	100	98	94	92	90	87	79	81	92
64	52	52	66	74	69	72	81	86	87	88	89	89	85	81	86	92	88	98	107	99	96	96	89	87	85	86	91	99	108	114	114	117	118	118	117	119	120	120	116	117	116	114	115	117	117	114	107	108	107	104	101	102	101	100	101	106	111	110	107	105	105	104	101	101	99	98	95	94	95	94	89	86	84	85	87	92	96	96	96	96	95	95	96	97	97	96	95	89	91	100
65	53	53	70	80	76	77	88	93	94	93	94	95	93	90	94	103	97	106	111	100	95	92	92	88	83	76	73	77	88	98	103	109	114	116	116	117	117	119	117	118	118	118	118	119	118	115	112	108	107	105	102	103	102	102	100	101	104	102	103	104	101	98	95	96	96	95	93	94	95	94	92	89	88	88	91	94	95	95	91	91	89	89	93	98	99	98	97	98	100	103
64	55	54	69	79	77	80	92	97	98	96	98	101	101	99	102	113	107	113	116	102	96	92	89	89	88	83	78	77	81	87	89	98	109	114	114	115	113	114	115	116	116	115	115	115	114	111	113	109	107	106	103	104	102	102	103	102	103	101	104	103	97	91	92	94	94	94	92	95	96	94	96	93	92	91	93	96	96	95	94	95	93	92	94	98	99	97	90	97	101	98
69	65	61	59	64	75	83	88	98	99	98	102	105	109	117	116	117	122	122	113	101	97	94	90	89	85	80	76	76	77	77	78	87	96	103	108	110	110	110	112	114	115	112	110	110	111	114	111	110	108	107	107	106	103	103	101	102	101	100	103	104	98	92	96	95	95	95	94	92	94	97	98	98	97	98	101	100	97	96	92	94	97	97	97	98	98	90	90	92	92	94
66	67	68	64	62	71	83	92	98	98	97	103	116	128	135	128	115	114	118	109	92	90	93	91	88	83	78	75	76	76	76	76	82	88	93	98	101	104	108	111	113	114	113	113	113	113	113	110	109	107	106	107	106	103	102	101	101	100	99	102	102	97	91	96	97	97	95	96	97	98	98	102	102	101	102	104	102	97	96	96	96	97	97	95	94	93	86	88	90	90	92
70	74	76	70	67	76	84	91	95	98	97	107	129	146	150	129	107	102	109	100	87	86	91	90	87	82	77	76	77	78	77	78	78	79	82	86	90	97	104	107	110	111	112	113	113	113	112	110	109	108	107	106	106	104	103	100	100	101	100	100	101	96	91	93	95	95	94	96	101	102	97	99	100	100	104	107	106	102	100	98	96	97	95	92	88	86	84	86	89	91	91
77	80	78	75	79	86	86	91	94	97	94	99	119	132	128	111	97	95	98	91	89	91	88	88	86	84	79	78	79	80	79	80	78	78	79	81	83	90	98	102	107	110	111	113	112	111	110	110	109	107	107	107	108	106	105	102	101	101	100	99	99	96	93	96	97	98	97	98	100	100	96	95	97	99	105	109	107	102	99	97	95	96	93	88	83	82	84	85	88	90	89
75	79	80	83	88	91	88	91	93	94	92	91	105	112	104	93	90	93	95	89	92	93	86	88	88	88	85	83	81	81	79	79	80	79	81	82	82	87	94	99	105	110	111	110	109	108	108	109	107	106	106	107	108	108	107	104	102	100	98	97	97	96	95	96	98	99	102	102	101	101	101	97	101	103	108	110	108	101	95	98	99	96	92	87	82	81	84	82	86	86	87
69	74	86	92	92	93	92	90	91	92	90	88	96	100	95	85	87	94	99	94	90	87	84	87	89	91	89	86	83	82	79	76	79	80	83	85	85	88	92	97	103	108	109	108	107	107	108	109	106	104	104	106	107	108	107	104	102	100	97	95	96	96	97	97	98	98	101	100	97	98	99	99	104	106	111	112	111	105	101	103	103	98	92	88	84	82	84	83	86	86	87
69	73	85	91	91	91	93	90	90	89	86	81	82	83	80	84	87	95	99	96	87	81	83	83	86	88	89	89	87	85	82	77	79	82	85	88	88	88	90	95	100	103	104	106	107	107	108	109	105	102	102	103	105	105	104	105	103	102	100	98	97	97	100	103	103	99	96	94	94	94	92	100	103	107	111	114	112	110	109	106	105	97	91	88	87	84	83	83	85	85	85
71	74	79	82	85	88	88	89	89	87	85	79	76	75	76	82	90	96	96	94	86	80	81	78	82	84	87	90	91	88	85	79	81	84	85	88	89	89	89	94	97	99	100	104	106	106	107	109	105	101	100	101	103	102	102	106	105	104	103	100	99	99	101	99	101	97	94	96	103	105	101	104	106	108	111	111	110	109	109	107	104	94	88	88	90	85	82	80	81	81	82
71	74	76	78	81	85	85	89	88	85	81	76	73	74	75	82	87	93	94	91	82	78	79	80	82	84	86	85	86	87	88	86	85	84	88	89	87	87	87	92	92	92	92	97	104	106	103	102	104	101	99	97	98	102	102	107	106	106	103	103	103	95	96	94	95	95	89	95	117	126	115	116	113	107	104	103	99	98	101	99	92	96	91	85	87	84	85	81	77	69	77
74	75	75	76	78	84	87	89	85	81	79	79	79	79	78	78	83	89	89	85	77	75	77	79	81	83	84	83	85	86	87	86	86	86	88	88	85	86	88	89	89	90	89	93	100	102	101	102	102	101	102	99	96	100	103	110	104	111	111	106	113	111	101	96	101	107	117	137	153	141	117	114	106	110	115	110	113	116	105	100	103	101	101	92	83	85	76	75	77	77	88
75	75	77	76	76	82	87	87	82	78	79	83	84	81	76	77	78	80	83	80	77	75	77	78	78	81	82	83	84	85	86	87	89	90	89	86	85	85	87	86	86	86	86	90	94	98	98	101	102	102	105	102	96	101	105	107	115	114	107	120	135	128	123	97	84	105	152	174	162	129	97	100	100	109	122	126	122	115	109	111	117	108	92	78	76	82	73	67	82	91	103
74	73	77	78	77	80	84	82	79	79	82	85	84	78	72	75	72	70	74	79	80	77	75	78	78	80	82	83	84	86	87	90	91	90	89	86	85	84	86	86	85	84	83	86	90	96	98	102	104	105	108	106	101	106	108	111	112	128	137	159	209	234	225	188	143	170	239	242	198	161	140	140	139	151	174	185	180	180	193	209	200	177	126	103	119	128	130	128	145	152	159
75	72	76	77	77	80	82	79	79	81	82	82	80	75	72	73	69	67	69	75	78	75	74	77	78	79	81	84	86	87	88	93	92	89	88	86	85	84	84	84	85	84	82	84	89	94	99	103	108	110	112	112	110	114	112	109	113	148	176	197	238	254	250	248	220	230	251	241	229	220	198	186	175	195	224	227	227	238	244	248	240	217	170	147	157	160	162	195	209	205	197
77	72	73	74	75	79	80	78	79	81	79	77	75	76	77	74	74	74	73	74	75	75	76	77	77	79	81	84	87	89	90	94	92	87	87	86	87	85	82	84	84	84	82	85	89	93	98	104	111	115	117	118	119	125	122	122	141	180	212	229	239	242	244	243	239	242	244	240	241	242	236	240	230	232	237	236	238	243	243	241	245	238	233	226	221	225	224	239	246	240	237
76	71	71	71	73	76	78	77	78	78	76	73	72	75	77	75	78	78	77	74	72	73	77	76	76	77	79	83	86	90	92	92	90	88	85	86	87	86	82	83	84	85	85	88	90	95	97	103	112	118	125	128	130	139	142	128	158	212	240	238	238	240	236	237	243	243	239	242	243	243	245	241	243	239	237	244	247	244	245	246	248	241	245	243	236	240	241	240	246	245	245
72	71	71	69	71	74	75	76	77	77	75	72	70	72	73	72	75	75	74	72	71	71	73	75	75	75	76	81	85	90	92	91	90	88	86	86	87	86	82	83	85	87	88	92	93	96	97	101	110	120	132	137	138	151	160	148	202	239	238	238	236	232	240	241	236	237	241	243	240	241	244	246	240	245	248	243	246	252	250	251	249	250	245	245	249	244	247	250	249	247	249
70	71	68	68	68	72	75	77	77	77	73	68	72	75	71	71	71	69	68	66	65	66	70	74	74	73	74	79	86	91	92	90	91	90	89	88	85	83	83	82	86	88	90	93	93	92	92	100	106	120	130	138	141	161	181	196	237	242	236	239	235	235	234	235	234	233	234	239	238	239	241	243	246	245	245	250	250	249	251	250	250	250	249	249	250	251	251	250	250	250	248
68	68	67	66	66	70	74	76	77	79	77	75	79	80	75	68	68	67	68	68	67	69	72	73	74	73	75	78	84	89	91	91	92	90	88	87	84	83	82	84	89	90	92	94	95	96	98	106	110	113	132	131	147	167	208	227	236	232	233	233	231	237	235	234	234	235	235	237	237	238	240	242	243	243	246	252	250	249	251	249	249	250	249	249	249	250	250	249	249	248	247
67	66	67	68	67	68	72	74	77	79	80	80	82	80	75	70	68	68	70	72	73	73	74	71	73	73	75	79	82	86	90	91	91	91	89	86	85	83	83	84	88	92	93	93	94	98	104	107	112	117	133	127	140	157	206	231	230	227	236	235	229	234	228	233	235	238	236	237	236	235	237	236	241	243	244	246	246	245	246	246	248	248	246	246	246	247	248	246	247	248	245
65	65	70	72	70	69	72	74	77	79	82	83	84	80	75	76	73	73	75	77	77	76	76	71	72	73	77	80	82	85	89	88	89	90	89	87	86	84	84	85	88	92	93	94	95	99	106	106	111	125	129	138	140	155	192	215	227	228	232	232	229	233	233	235	236	239	237	237	236	233	232	227	236	240	239	239	244	246	245	242	244	244	243	243	243	243	245	244	244	246	244
61	65	73	74	71	69	71	74	78	80	83	86	87	82	80	82	78	77	79	79	78	76	73	71	69	71	77	81	82	83	85	85	88	88	88	87	86	85	85	88	89	91	92	95	95	100	105	112	114	121	128	156	170	177	197	209	224	231	232	231	232	236	235	236	237	239	237	236	236	232	224	228	230	233	237	238	239	239	240	240	240	241	241	241	241	241	242	241	242	243	242
61	67	75	74	70	68	68	72	76	79	83	86	86	83	84	85	82	81	82	81	77	73	69	70	69	71	76	81	82	83	82	85	88	88	89	88	86	86	87	88	88	89	91	95	95	98	102	112	114	111	148	186	221	219	225	228	224	227	231	229	233	240	238	237	237	238	236	235	235	228	216	220	213	218	232	237	233	232	235	237	237	238	239	239	239	239	241	238	239	240	239
67	73	77	73	69	70	69	71	75	79	82	85	83	82	86	87	85	85	86	85	80	74	69	71	72	74	77	81	83	82	81	85	86	87	89	88	89	92	93	91	90	92	94	96	98	100	105	110	111	112	172	216	244	244	240	228	222	226	232	234	235	234	234	236	236	236	234	231	231	222	209	195	197	210	227	232	231	234	236	233	234	234	234	235	236	237	238	236	236	237	236
74	78	80	74	70	71	71	74	79	83	85	86	84	83	88	89	88	89	90	88	84	78	73	72	75	77	79	81	84	83	81	84	84	86	88	88	91	96	99	97	97	98	101	102	104	108	114	117	111	121	176	220	220	225	217	219	224	225	223	231	232	229	239	235	234	236	233	229	228	219	205	186	202	221	228	226	228	231	228	230	231	231	232	232	233	235	236	234	234	235	234
77	76	75	73	72	75	73	76	77	82	86	87	85	83	88	87	88	88	90	89	83	80	77	75	78	80	81	81	79	79	79	83	86	87	88	88	92	94	96	94	99	102	105	107	109	113	116	116	112	129	180	204	206	203	206	217	223	221	218	220	228	232	235	235	229	235	231	225	215	214	207	201	208	222	222	224	230	226	225	228	229	229	229	230	232	233	233	233	233	234	234
72	74	75	75	75	76	73	79	79	82	85	87	86	85	88	89	89	88	91	91	87	84	81	82	82	82	82	83	82	83	83	86	89	90	92	91	95	97	98	97	102	104	107	110	112	114	117	121	119	136	169	178	188	199	210	219	218	213	214	221	230	232	235	232	233	233	228	221	195	195	209	208	213	223	222	223	229	225	223	228	228	228	228	229	230	230	231	231	231	232	232
67	70	74	75	76	77	75	81	80	82	82	86	88	89	88	90	88	88	92	94	93	90	90	89	87	87	86	87	88	90	91	91	93	92	92	92	94	94	95	98	102	105	109	112	114	116	120	127	132	137	148	167	193	195	206	215	212	210	217	230	234	233	233	235	235	227	219	209	183	196	219	212	215	222	221	223	227	222	222	226	225	223	225	227	228	228	230	229	229	230	229
67	72	75	76	77	79	78	80	81	81	80	85	89	92	91	90	87	87	91	95	97	96	97	94	92	93	93	94	97	99	100	101	100	96	93	92	92	92	94	97	102	106	109	112	114	118	124	130	139	146	144	158	192	193	199	209	212	215	223	235	237	235	234	231	229	226	221	206	192	208	208	209	215	220	221	224	225	222	221	224	221	216	219	224	225	225	228	226	228	229	228
73	81	84	82	82	80	79	78	80	80	79	84	90	94	94	90	87	87	90	95	96	97	98	96	98	100	101	102	104	105	106	109	107	103	97	94	93	97	100	100	106	109	110	112	113	118	127	139	138	151	150	146	170	177	180	206	217	223	226	231	235	236	236	230	223	226	220	207	201	210	194	211	219	222	222	223	223	221	221	225	219	213	215	220	222	222	226	225	227	229	227
78	86	89	88	86	82	80	79	80	80	80	84	90	93	94	91	89	88	90	95	96	97	98	101	103	106	107	107	106	106	106	109	108	104	100	96	95	100	104	106	111	113	113	113	112	116	126	132	144	155	164	166	167	164	186	202	218	227	228	228	229	230	230	227	221	224	216	212	206	207	202	219	226	224	222	222	220	220	219	223	220	214	214	220	221	219	222	223	225	226	226
73	78	81	84	86	84	81	83	81	81	82	86	89	90	92	90	89	90	92	95	98	100	103	105	107	108	110	109	107	105	104	105	104	105	103	99	97	101	105	110	114	116	116	114	112	115	123	119	151	164	172	176	165	158	187	201	215	227	228	226	223	218	218	217	217	225	216	217	211	204	209	218	225	219	219	223	218	217	214	214	217	216	216	222	221	216	218	222	220	222	223
64	65	68	75	83	84	84	87	83	81	83	88	90	88	88	88	87	90	93	97	100	104	107	106	107	107	109	109	108	106	104	104	105	108	108	104	101	103	107	111	114	115	116	116	113	114	121	125	145	162	179	183	194	198	198	206	214	221	223	222	217	213	215	220	216	224	207	206	209	204	212	211	219	214	218	225	219	214	209	205	213	216	217	223	221	216	217	221	217	218	221
60	61	63	68	79	87	89	89	91	88	85	86	88	87	86	86	86	89	92	98	102	104	106	110	111	112	111	109	107	104	102	104	104	107	112	112	106	103	106	108	113	118	113	110	115	123	125	127	135	162	183	201	223	215	215	214	212	219	222	213	208	213	217	227	233	207	194	206	203	210	202	205	214	214	212	221	221	214	211	216	215	217	219	218	218	218	215	219	218	216	217
69	73	72	74	84	91	92	95	98	97	91	88	87	85	87	85	86	89	93	98	101	103	105	107	109	111	112	111	108	104	101	103	106	111	113	113	110	108	107	111	113	112	110	113	117	126	138	149	153	155	184	203	216	229	224	222	222	224	225	219	212	214	221	223	221	205	198	204	200	206	198	190	199	208	216	223	220	215	215	216	214	211	213	216	216	216	218	217	217	216	215
79	81	79	78	85	92	92	97	101	101	93	86	82	82	83	84	87	88	93	99	101	101	103	105	108	112	113	113	110	107	103	104	111	115	115	116	114	114	111	112	113	111	113	118	119	127	143	165	164	148	173	188	207	232	225	217	221	223	225	226	220	219	227	223	211	208	203	200	195	200	197	186	188	199	213	220	218	217	219	216	208	206	209	213	214	217	217	215	214	213	211
88	83	80	79	84	91	91	96	99	99	93	86	82	81	83	85	87	89	94	99	99	98	100	104	108	113	114	114	112	112	109	108	114	118	119	119	118	117	115	113	114	114	119	123	125	135	151	167	160	153	159	172	206	222	219	217	220	224	227	228	222	220	223	217	205	210	203	201	202	209	215	204	195	197	208	216	220	223	221	214	203	204	211	211	213	217	213	213	211	209	207
100	85	83	82	84	90	94	98	99	98	95	91	87	86	87	88	90	91	97	101	99	98	98	101	108	115	116	116	115	115	115	116	116	119	123	122	119	118	119	116	115	118	122	124	134	151	163	163	161	166	170	180	211	214	215	221	221	224	229	227	224	224	222	207	198	200	189	196	204	209	217	218	208	203	206	211	218	221	215	212	205	204	208	213	214	212	213	210	208	210	206
105	88	85	84	85	89	93	98	98	96	95	92	89	89	91	93	94	95	100	105	102	100	100	99	107	115	118	118	117	117	117	121	118	119	122	123	119	120	122	117	117	121	124	125	137	153	160	162	171	177	194	201	209	211	214	221	218	220	224	221	222	226	223	219	211	206	195	208	217	217	220	219	216	215	213	213	216	216	210	209	209	200	200	215	214	206	212	204	206	211	206
100	88	86	85	85	89	93	95	96	96	95	90	88	90	97	98	96	98	105	110	108	105	105	102	108	115	116	117	119	120	120	123	121	118	118	120	121	122	123	119	119	121	126	131	141	150	158	170	188	188	203	206	203	204	210	218	219	219	218	218	218	218	217	220	217	215	208	220	223	223	223	222	221	223	222	219	218	216	213	206	205	197	198	214	215	205	205	203	205	208	202
93	90	89	87	88	93	95	93	97	99	97	91	88	94	104	101	99	100	108	114	112	109	109	108	110	113	114	116	120	123	125	123	122	118	114	118	123	125	123	123	121	118	124	138	148	157	172	182	201	199	199	199	199	197	206	209	216	217	217	222	222	219	220	220	222	224	221	225	219	220	219	219	218	218	218	216	213	211	211	205	195	196	203	211	215	208	194	204	203	203	197
89	87	86	90	93	94	92	91	95	99	98	92	90	99	112	104	101	105	111	110	108	106	106	108	109	112	114	117	120	124	127	127	124	123	125	128	128	131	131	126	126	127	129	140	153	166	185	193	192	203	195	186	198	207	209	213	214	215	216	215	221	215	220	220	220	220	223	225	226	222	216	215	217	215	215	219	219	212	207	199	198	201	205	206	209	208	200	204	205	207	204
80	78	82	89	92	92	92	94	95	97	98	96	94	100	108	106	102	105	110	111	109	107	105	107	109	113	116	120	124	128	131	131	129	129	131	135	135	137	137	137	131	132	134	142	158	169	178	182	188	197	194	192	202	211	212	213	212	211	215	214	217	213	221	218	215	217	224	225	220	219	219	218	218	216	214	215	218	213	207	197	197	201	203	205	209	208	200	207	206	207	206
75	73	80	88	92	91	92	91	93	93	95	96	94	96	101	103	103	107	111	111	107	103	103	106	110	114	119	123	127	131	135	133	132	132	135	137	138	138	137	142	135	137	139	141	155	168	171	180	191	194	195	198	204	212	211	205	208	206	208	208	216	214	221	220	218	221	225	221	215	213	216	216	215	217	216	213	214	209	197	195	196	200	203	204	210	208	201	206	207	209	207
79	80	84	89	92	90	90	87	90	91	94	93	90	92	96	98	106	114	118	114	106	102	104	108	112	116	122	126	129	132	135	134	132	132	134	135	135	135	134	136	134	139	139	136	144	156	167	182	196	192	192	195	194	200	200	201	211	207	201	201	214	214	213	215	219	222	222	219	219	218	218	217	214	216	216	210	212	207	189	192	195	200	202	204	210	207	200	204	208	211	207
88	93	90	86	87	88	84	86	87	90	92	92	91	93	97	100	108	117	119	116	109	106	108	110	115	119	125	129	132	135	136	135	134	132	133	135	136	135	135	134	135	138	137	135	134	143	163	178	193	187	187	189	183	186	190	200	213	206	200	201	213	212	212	214	218	220	220	220	221	220	219	223	214	212	210	205	209	206	190	192	196	200	203	205	208	206	201	204	209	209	203
94	101	93	82	81	82	79	84	83	85	87	91	93	94	96	101	106	108	110	112	111	108	110	114	119	124	129	133	135	137	138	135	133	131	132	134	135	136	138	139	138	138	137	138	136	139	158	164	174	174	176	180	173	174	182	206	214	206	207	207	208	207	212	220	216	216	220	220	216	215	218	219	210	208	206	202	205	202	190	194	198	201	204	205	206	205	203	209	209	204	198
96	103	93	83	79	79	80	84	84	83	84	89	90	92	95	98	101	101	102	109	113	111	114	120	124	129	133	136	138	137	138	135	133	134	133	133	134	137	141	144	142	142	140	141	144	146	154	154	155	157	161	165	164	163	176	211	217	208	212	211	205	201	207	217	214	213	216	218	216	217	220	210	205	204	204	201	202	200	193	197	201	202	203	203	203	202	205	212	209	201	195
95	102	95	84	78	79	82	86	89	89	87	88	87	92	98	95	102	103	105	111	116	116	120	125	127	131	135	137	137	135	135	140	138	139	137	136	137	140	143	145	143	146	142	140	149	154	154	161	154	155	157	162	165	165	182	197	210	204	210	213	212	210	214	219	220	218	214	214	215	215	214	211	206	204	203	200	201	203	202	200	202	203	202	202	201	202	207	211	208	201	194
93	100	94	86	83	83	83	88	87	86	86	88	89	93	99	98	100	104	110	113	115	120	123	124	126	130	133	134	136	135	134	139	143	143	140	137	139	142	145	146	143	140	142	149	156	160	161	156	157	156	160	161	160	172	181	185	206	210	214	214	218	217	220	218	222	222	219	216	214	212	211	208	204	207	208	204	205	207	204	198	204	205	201	198	195	199	209	205	204	202	198
90	94	91	88	87	86	84	88	88	87	87	89	90	94	99	100	102	105	111	113	114	119	123	126	128	129	130	131	134	135	137	142	144	145	143	141	141	144	147	148	146	145	148	154	159	160	159	158	160	160	163	163	161	170	175	182	202	206	213	215	217	214	218	221	218	222	221	212	214	217	211	202	203	207	210	208	207	207	205	202	205	204	202	203	201	199	202	200	198	200	204
87	89	86	86	87	87	87	88	88	88	90	90	92	97	99	100	101	105	111	113	114	117	123	125	129	130	128	131	132	134	138	144	146	146	146	144	144	146	150	156	154	152	153	157	160	159	157	159	163	164	166	165	164	167	168	172	203	213	219	216	218	217	221	221	218	221	219	211	213	218	211	204	207	210	212	211	205	202	202	206	207	203	204	206	205	201	201	204	195	196	201
87	88	84	82	84	86	88	87	89	90	94	94	96	99	100	99	100	105	112	114	115	118	124	122	128	129	129	132	133	134	139	145	145	145	146	146	146	149	154	164	161	156	153	155	156	156	157	159	164	166	168	167	166	166	163	171	201	208	210	210	217	218	220	218	219	216	213	214	214	213	210	203	206	207	209	212	208	205	206	205	207	204	203	204	204	203	204	206	200	197	196
85	85	81	81	82	85	87	88	90	93	96	97	98	99	100	102	104	108	114	116	116	118	123	121	127	127	128	131	133	134	142	144	144	143	145	148	149	152	157	163	163	155	151	153	154	153	157	159	165	166	167	166	165	163	157	158	181	196	209	210	212	215	219	215	212	210	211	215	215	211	208	205	207	204	208	214	210	205	205	202	205	204	203	203	203	203	203	200	202	202	196
81	79	77	81	84	85	83	90	91	94	96	97	98	98	98	106	108	111	115	116	118	119	122	122	123	124	126	128	132	137	143	145	145	144	147	150	153	155	158	158	160	154	152	154	154	153	159	162	166	165	164	163	161	161	154	144	147	164	201	213	215	216	221	213	202	206	214	214	216	216	208	210	208	205	209	213	209	203	199	201	202	203	204	206	205	202	197	200	198	198	200
79	78	77	80	83	83	82	86	90	92	93	95	97	98	98	105	109	110	112	113	119	121	121	122	118	122	126	126	131	138	140	145	147	147	148	152	155	156	156	155	158	155	152	154	153	156	162	164	167	164	164	162	161	163	159	153	134	141	185	210	219	219	216	212	200	205	216	216	217	217	212	210	206	204	208	210	209	206	201	201	201	201	203	206	208	203	196	203	196	192	199
79	80	79	78	80	81	82	83	86	88	89	93	97	100	101	103	107	107	108	111	120	123	122	120	115	122	128	126	131	137	135	144	147	148	149	153	156	155	153	156	160	156	151	153	153	157	166	166	168	164	163	163	163	166	164	155	153	173	209	212	213	216	213	212	205	206	215	220	216	213	216	217	209	206	207	205	204	205	200	199	200	201	202	204	207	206	201	197	195	193	194
78	78	77	77	79	80	80	80	82	85	89	91	97	101	102	104	105	105	106	109	118	121	120	121	121	125	127	127	131	134	134	131	140	147	151	154	157	153	150	152	157	155	152	152	154	158	164	169	165	158	159	166	169	166	166	151	173	202	215	212	212	217	215	213	202	216	225	220	218	212	212	210	207	208	209	207	204	199	197	198	202	201	200	203	204	201	199	197	197	196	194
77	78	78	76	77	76	77	76	77	81	86	91	97	101	101	104	104	107	110	110	114	117	120	117	119	124	128	129	131	131	129	129	139	145	151	155	155	149	149	154	156	154	152	154	155	159	165	176	170	166	165	169	176	175	166	166	193	216	216	209	211	218	218	213	202	205	212	213	214	212	211	212	209	208	206	202	200	199	200	197	199	198	200	202	204	202	199	196	196	194	190
77	78	79	76	74	74	75	75	76	77	84	90	96	99	101	103	104	110	114	112	110	114	119	118	121	126	129	129	128	127	122	127	137	144	151	158	155	150	154	156	155	154	153	154	156	159	167	176	173	173	173	172	168	162	155	175	209	228	218	206	209	215	218	214	209	201	205	207	207	211	209	211	209	208	203	197	194	197	200	195	194	197	202	203	202	200	195	194	193	191	187
77	79	80	77	74	74	75	78	78	79	83	88	93	97	100	103	105	111	114	110	108	112	116	119	121	125	126	128	128	128	124	125	133	143	153	157	157	156	160	158	155	153	152	152	154	160	169	176	181	183	188	192	178	172	184	201	214	209	198	206	220	222	216	215	218	206	204	202	198	205	206	208	207	207	202	195	192	195	197	199	193	196	201	200	198	198	194	194	190	187	183
78	79	80	79	76	77	79	81	81	82	84	86	90	96	100	102	106	110	110	107	109	113	114	116	117	121	125	129	133	133	132	126	132	147	155	157	158	160	158	157	155	154	152	149	152	162	172	180	186	190	194	199	191	193	209	214	211	197	192	213	229	225	219	214	220	207	201	197	193	201	202	206	206	204	200	196	193	194	196	205	196	195	197	195	196	199	198	195	187	180	179
79	79	79	79	79	81	83	81	82	83	83	84	88	94	99	101	105	109	108	106	110	115	114	116	119	123	126	131	133	133	132	135	145	157	158	158	159	160	155	155	154	154	151	147	152	164	174	182	189	203	208	208	212	220	218	206	207	201	201	214	221	219	218	216	216	205	199	197	196	201	200	204	204	202	198	195	194	197	198	201	197	197	200	199	198	198	197	193	184	177	177
80	78	76	78	81	85	87	83	83	82	83	84	87	92	95	98	102	106	107	108	111	116	118	121	124	126	127	131	134	133	135	148	166	166	154	155	159	155	155	152	153	153	151	149	155	166	175	186	198	216	221	213	214	217	207	210	207	199	199	208	214	215	213	215	210	206	199	197	200	195	193	196	198	200	197	195	195	198	199	196	197	199	201	202	198	194	194	189	184	181	182
80	77	74	76	81	86	87	85	85	83	84	85	87	90	91	98	99	105	109	110	110	116	121	122	125	126	127	132	137	140	143	156	178	167	144	148	153	150	155	150	151	152	151	151	158	169	175	185	202	220	225	218	211	212	211	207	209	208	207	208	210	212	211	210	205	207	201	195	196	186	182	188	194	199	198	196	194	196	196	198	200	197	195	197	194	191	194	186	185	186	188
77	74	74	76	78	81	85	87	86	86	87	87	88	91	93	97	106	108	111	104	107	122	117	122	125	129	131	134	133	143	159	167	167	154	143	147	151	151	151	150	154	149	147	148	157	171	178	183	206	227	228	217	213	212	212	208	212	206	215	209	194	204	202	203	211	206	198	197	197	190	187	192	195	195	193	197	197	194	194	196	193	196	196	189	188	191	188	187	185	186	185
78	75	74	75	76	80	85	85	85	86	87	88	89	92	94	103	110	111	113	110	108	114	117	123	128	132	131	136	143	154	162	162	158	145	138	144	146	148	152	151	153	149	148	146	152	170	186	192	208	221	223	219	217	215	215	218	215	206	201	188	182	203	213	211	207	201	203	203	198	192	194	194	188	188	193	195	190	191	198	195	193	193	188	179	181	187	187	189	188	189	186
76	76	73	73	74	78	81	84	86	85	86	89	92	94	99	108	114	117	110	107	110	116	123	121	125	131	136	137	143	148	151	151	147	140	139	144	143	143	149	146	147	148	151	146	146	167	187	202	208	209	208	210	213	216	218	214	210	206	193	173	173	195	211	214	205	203	208	206	198	196	199	194	184	185	193	195	195	196	198	194	196	195	188	179	179	184	184	184	188	191	190
75	74	72	72	73	74	75	84	86	85	87	90	95	100	106	109	121	132	114	101	109	114	118	125	124	132	139	134	131	133	136	142	141	139	139	141	140	141	146	145	147	148	150	146	146	167	185	189	195	198	204	213	216	214	215	217	214	219	207	188	191	204	217	211	209	212	211	203	200	199	195	190	183	184	189	195	205	203	189	195	199	197	189	182	182	185	184	182	185	188	188
74	71	70	73	73	71	70	80	82	87	91	95	99	103	109	112	131	140	116	100	102	106	120	128	127	132	134	127	122	128	133	137	139	136	131	132	134	141	146	148	150	148	148	146	150	168	180	178	185	192	200	212	215	213	214	216	211	219	209	199	204	210	218	214	214	214	208	201	201	200	191	185	183	183	183	190	205	204	188	199	200	193	184	182	183	184	186	186	184	182	182
75	71	70	72	72	68	66	71	76	85	91	96	99	101	106	116	139	145	130	119	100	92	111	115	122	128	126	121	121	127	129	129	132	132	127	127	130	138	141	139	145	148	150	150	152	160	162	164	169	178	190	202	212	217	219	217	213	217	211	210	215	215	220	222	215	208	205	204	203	199	193	187	185	183	181	186	197	202	199	200	200	190	182	185	185	183	184	185	182	182	184
78	72	70	71	69	67	65	65	72	79	86	91	94	97	103	113	136	151	159	146	114	92	89	102	111	118	116	117	118	119	121	127	127	129	128	127	128	131	135	132	140	146	151	152	150	150	146	139	146	165	186	202	215	223	222	215	214	215	214	215	215	213	216	219	212	203	205	207	204	198	194	190	188	182	180	184	191	200	206	201	199	188	182	186	186	180	181	182	181	184	188
81	74	71	70	67	66	65	63	69	74	79	83	88	94	102	108	123	145	165	153	133	121	100	104	105	107	108	113	111	112	119	134	128	126	127	126	126	129	135	136	141	145	150	149	146	148	147	144	146	164	183	197	213	223	219	216	219	215	214	216	212	210	216	210	210	204	205	209	206	198	193	188	188	179	175	181	189	197	204	203	198	183	175	180	180	177	182	185	183	184	185
84	77	69	68	67	66	65	64	65	68	73	79	84	92	100	102	123	129	143	165	160	134	107	102	96	105	108	109	114	115	122	137	133	131	126	124	125	124	129	138	142	144	147	149	144	140	147	146	150	152	172	195	218	224	222	225	220	218	216	214	215	212	212	209	202	206	212	208	204	200	191	190	186	181	174	175	187	195	202	208	195	185	180	173	172	177	181	179	186	186	189
84	76	69	67	66	65	66	64	63	64	68	74	79	86	92	101	108	109	124	154	171	163	136	116	104	104	101	103	112	116	123	129	138	132	123	123	119	120	130	138	142	142	143	147	143	140	144	147	144	149	171	188	214	229	225	223	217	217	216	214	212	208	209	206	203	206	210	209	207	199	186	189	186	180	171	171	183	193	201	206	195	186	181	174	173	178	182	184	184	181	190
83	76	71	67	65	65	67	66	63	61	64	72	77	83	88	94	97	103	112	132	163	177	163	122	103	94	92	99	108	112	121	133	151	135	119	122	117	119	131	138	145	144	142	142	140	139	144	145	145	152	177	188	208	221	217	214	212	217	215	214	210	205	207	191	203	212	212	206	204	200	195	181	183	181	174	172	181	189	197	201	192	186	182	176	175	181	185	183	182	186	188
80	76	74	70	65	64	66	65	64	62	64	71	76	82	86	88	93	103	106	112	136	158	158	141	120	103	100	102	101	102	113	132	151	129	111	117	116	123	131	136	146	148	141	136	135	138	145	144	151	154	175	188	198	202	204	204	209	218	215	213	210	205	205	199	208	211	209	207	202	193	187	174	181	182	176	174	182	188	195	195	189	185	182	178	178	183	188	186	189	198	187
75	74	76	72	64	61	61	62	63	64	66	69	73	78	82	88	89	97	100	105	118	128	137	152	145	131	117	107	100	101	109	129	145	125	111	113	113	124	128	135	145	146	138	132	133	137	142	135	149	156	179	193	196	192	192	198	211	222	217	212	212	205	205	208	208	209	208	207	199	191	186	176	180	181	172	172	181	187	196	193	188	186	183	179	178	183	189	198	205	199	191
72	73	75	72	63	59	56	61	64	66	67	68	71	75	79	85	87	95	100	105	111	114	129	140	159	156	137	122	115	112	111	119	132	121	110	110	112	123	128	136	141	138	132	129	132	135	136	139	146	155	178	188	199	205	201	201	215	223	216	212	212	206	205	208	206	208	207	203	196	193	190	177	180	179	172	174	181	182	190	194	190	187	184	180	179	182	187	198	212	194	194
74	72	75	71	63	58	53	58	62	64	65	65	69	73	77	79	85	96	98	100	104	107	121	131	156	158	146	142	138	132	124	117	124	115	105	108	114	120	128	137	138	135	129	127	130	133	135	138	144	154	177	190	204	209	206	205	214	219	213	211	211	205	205	216	207	204	203	202	200	192	178	178	179	177	173	179	182	180	187	195	192	186	183	181	181	183	187	192	199	187	184
76	73	75	70	64	59	53	51	55	57	59	61	66	70	74	78	80	88	89	92	98	98	104	119	135	134	136	148	152	151	145	146	143	127	111	115	117	114	123	136	137	135	129	126	128	133	136	135	147	149	167	187	201	203	206	208	210	212	209	210	209	203	207	209	206	208	204	198	199	195	178	182	180	173	170	178	182	182	191	194	191	185	183	182	183	185	189	193	181	180	168
